0.828693, 0.0
0.828693, 0.0
0.82897, 0.001
0.828971, 0.001
0.829246, 0.002
0.829248, 0.002
0.829522, 0.003
0.829526, 0.003
0.829798, 0.004
0.829803, 0.004
0.830074, 0.005
0.830081, 0.005
0.830351, 0.006
0.830358, 0.006
0.830627, 0.007
0.830636, 0.007
0.830903, 0.008
0.830913, 0.008
0.831179, 0.009
0.831191, 0.009
0.831455, 0.01
0.831468, 0.01
0.831731, 0.011
0.831746, 0.011
0.832008, 0.012
0.832023, 0.012
0.832284, 0.013
0.832301, 0.013
0.83256, 0.014
0.832578, 0.014
0.832836, 0.015
0.832856, 0.015
0.833112, 0.016
0.833133, 0.016
0.833389, 0.017
0.833411, 0.017
0.833665, 0.018
0.833688, 0.018
0.833941, 0.019
0.833966, 0.019
0.834217, 0.02
0.834243, 0.02
0.834493, 0.021
0.834521, 0.021
0.834769, 0.022
0.834798, 0.022
0.835046, 0.023
0.835076, 0.023
0.835322, 0.024
0.835353, 0.024
0.835598, 0.025
0.835631, 0.025
0.835874, 0.026
0.835908, 0.026
0.83615, 0.027
0.836186, 0.027
0.836427, 0.028
0.836463, 0.028
0.836703, 0.029
0.836741, 0.029
0.836979, 0.03
0.837018, 0.03
0.837255, 0.031
0.837296, 0.031
0.837531, 0.032
0.837574, 0.032
0.837807, 0.033
0.837851, 0.033
0.838084, 0.034
0.838129, 0.034
0.83836, 0.035
0.838406, 0.035
0.838636, 0.036
0.838684, 0.036
0.838912, 0.037
0.838961, 0.037
0.839188, 0.038
0.839239, 0.038
0.839465, 0.039
0.839516, 0.039
0.839741, 0.04
0.839794, 0.04
0.840017, 0.041
0.840071, 0.041
0.840293, 0.042
0.840349, 0.042
0.840569, 0.043
0.840626, 0.043
0.840845, 0.044
0.840904, 0.044
0.841122, 0.045
0.841181, 0.045
0.841398, 0.046
0.841459, 0.046
0.841674, 0.047
0.841736, 0.047
0.84195, 0.048
0.842014, 0.048
0.842226, 0.049
0.842291, 0.049
0.842503, 0.05
0.842569, 0.05
0.842779, 0.051
0.842846, 0.051
0.843055, 0.052
0.843124, 0.052
0.843331, 0.053
0.843401, 0.053
0.843607, 0.054
0.843679, 0.054
0.843883, 0.055
0.843956, 0.055
0.000107, 0.056
0.000167, 0.056
0.84416, 0.056
0.844234, 0.056
0.000523, 0.057
0.00082, 0.057
0.844436, 0.057
0.844511, 0.057
0.000939, 0.058
0.001472, 0.058
0.844712, 0.058
0.844789, 0.058
0.001355, 0.059
0.002125, 0.059
0.844988, 0.059
0.845066, 0.059
0.001771, 0.06
0.002777, 0.06
0.845264, 0.06
0.845344, 0.06
0.002188, 0.061
0.00343, 0.061
0.845541, 0.061
0.845621, 0.061
0.002604, 0.062
0.004082, 0.062
0.845817, 0.062
0.845899, 0.062
0.00302, 0.063
0.004734, 0.063
0.846093, 0.063
0.846176, 0.063
0.003436, 0.064
0.005387, 0.064
0.846369, 0.064
0.846454, 0.064
0.003852, 0.065
0.006039, 0.065
0.846645, 0.065
0.846731, 0.065
0.004268, 0.066
0.006692, 0.066
0.846921, 0.066
0.847009, 0.066
0.004685, 0.067
0.007344, 0.067
0.847198, 0.067
0.847286, 0.067
0.005101, 0.068
0.007997, 0.068
0.847474, 0.068
0.847564, 0.068
0.005517, 0.069
0.008649, 0.069
0.84775, 0.069
0.847841, 0.069
0.005933, 0.07
0.009302, 0.07
0.848026, 0.07
0.848119, 0.07
0.006349, 0.071
0.009954, 0.071
0.848302, 0.071
0.848396, 0.071
0.006766, 0.072
0.010607, 0.072
0.848579, 0.072
0.848674, 0.072
0.007182, 0.073
0.011259, 0.073
0.848855, 0.073
0.848951, 0.073
0.007598, 0.074
0.011912, 0.074
0.849131, 0.074
0.849229, 0.074
0.008014, 0.075
0.012564, 0.075
0.849407, 0.075
0.849506, 0.075
0.00843, 0.076
0.013217, 0.076
0.849683, 0.076
0.849784, 0.076
0.008847, 0.077
0.013869, 0.077
0.849959, 0.077
0.850061, 0.077
0.009263, 0.078
0.014521, 0.078
0.850236, 0.078
0.850339, 0.078
0.009679, 0.079
0.015174, 0.079
0.850512, 0.079
0.850616, 0.079
0.010095, 0.08
0.015826, 0.08
0.850788, 0.08
0.850894, 0.08
0.010511, 0.081
0.016479, 0.081
0.851064, 0.081
0.851171, 0.081
0.010927, 0.082
0.017131, 0.082
0.85134, 0.082
0.851449, 0.082
0.011344, 0.083
0.017784, 0.083
0.851617, 0.083
0.851726, 0.083
0.01176, 0.084
0.018436, 0.084
0.851893, 0.084
0.852004, 0.084
0.012176, 0.085
0.019089, 0.085
0.852169, 0.085
0.852281, 0.085
0.012592, 0.086
0.019741, 0.086
0.852445, 0.086
0.852559, 0.086
0.013008, 0.087
0.020394, 0.087
0.852721, 0.087
0.852836, 0.087
0.013425, 0.088
0.021046, 0.088
0.852997, 0.088
0.853114, 0.088
0.013841, 0.089
0.021699, 0.089
0.853274, 0.089
0.853391, 0.089
0.014257, 0.09
0.022351, 0.09
0.85355, 0.09
0.853669, 0.09
0.014673, 0.091
0.023004, 0.091
0.853826, 0.091
0.853946, 0.091
0.015089, 0.092
0.023656, 0.092
0.854102, 0.092
0.854224, 0.092
0.015506, 0.093
0.024309, 0.093
0.854378, 0.093
0.854501, 0.093
0.015922, 0.094
0.024961, 0.094
0.854655, 0.094
0.854779, 0.094
0.016338, 0.095
0.025613, 0.095
0.854931, 0.095
0.855056, 0.095
0.016754, 0.096
0.026266, 0.096
0.855207, 0.096
0.855334, 0.096
0.01717, 0.097
0.026918, 0.097
0.855483, 0.097
0.855611, 0.097
0.017586, 0.098
0.027571, 0.098
0.855759, 0.098
0.855889, 0.098
0.018003, 0.099
0.028223, 0.099
0.856035, 0.099
0.856166, 0.099
0.018419, 0.1
0.028876, 0.1
0.856312, 0.1
0.856444, 0.1
0.018835, 0.101
0.029528, 0.101
0.856588, 0.101
0.856721, 0.101
0.019251, 0.102
0.030181, 0.102
0.647894, 0.102
0.648513, 0.102
0.856864, 0.102
0.856999, 0.102
0.019667, 0.103
0.030833, 0.103
0.646198, 0.103
0.64774, 0.103
0.85714, 0.103
0.857276, 0.103
0.020084, 0.104
0.031486, 0.104
0.644501, 0.104
0.646968, 0.104
0.857416, 0.104
0.857554, 0.104
0.0205, 0.105
0.032138, 0.105
0.642805, 0.105
0.646196, 0.105
0.857693, 0.105
0.857831, 0.105
0.020916, 0.106
0.032791, 0.106
0.641109, 0.106
0.645423, 0.106
0.857969, 0.106
0.858109, 0.106
0.021332, 0.107
0.033443, 0.107
0.639412, 0.107
0.644651, 0.107
0.858245, 0.107
0.858386, 0.107
0.021748, 0.108
0.034096, 0.108
0.637716, 0.108
0.643879, 0.108
0.858521, 0.108
0.858664, 0.108
0.022164, 0.109
0.034748, 0.109
0.636019, 0.109
0.643106, 0.109
0.858797, 0.109
0.858941, 0.109
0.022581, 0.11
0.035401, 0.11
0.634323, 0.11
0.642334, 0.11
0.859073, 0.11
0.859219, 0.11
0.022997, 0.111
0.036053, 0.111
0.632627, 0.111
0.641561, 0.111
0.85935, 0.111
0.859496, 0.111
0.023413, 0.112
0.036705, 0.112
0.63093, 0.112
0.640789, 0.112
0.859626, 0.112
0.859774, 0.112
0.023829, 0.113
0.037358, 0.113
0.629234, 0.113
0.640017, 0.113
0.859902, 0.113
0.860051, 0.113
0.024245, 0.114
0.03801, 0.114
0.627538, 0.114
0.639244, 0.114
0.860178, 0.114
0.860329, 0.114
0.024662, 0.115
0.038663, 0.115
0.625841, 0.115
0.638472, 0.115
0.860454, 0.115
0.860606, 0.115
0.025078, 0.116
0.039315, 0.116
0.624145, 0.116
0.6377, 0.116
0.860731, 0.116
0.860884, 0.116
0.025494, 0.117
0.039968, 0.117
0.622449, 0.117
0.636927, 0.117
0.861007, 0.117
0.861161, 0.117
0.02591, 0.118
0.04062, 0.118
0.620752, 0.118
0.636155, 0.118
0.861283, 0.118
0.861439, 0.118
0.026326, 0.119
0.041273, 0.119
0.619056, 0.119
0.635383, 0.119
0.861559, 0.119
0.861716, 0.119
0.026743, 0.12
0.041925, 0.12
0.61736, 0.12
0.63461, 0.12
0.861835, 0.12
0.861994, 0.12
0.027159, 0.121
0.042578, 0.121
0.615663, 0.121
0.633838, 0.121
0.862111, 0.121
0.862271, 0.121
0.027575, 0.122
0.04323, 0.122
0.613967, 0.122
0.633066, 0.122
0.862388, 0.122
0.862549, 0.122
0.027991, 0.123
0.043883, 0.123
0.61227, 0.123
0.632293, 0.123
0.862664, 0.123
0.862826, 0.123
0.028407, 0.124
0.044535, 0.124
0.610574, 0.124
0.631521, 0.124
0.86294, 0.124
0.863104, 0.124
0.028823, 0.125
0.045188, 0.125
0.608878, 0.125
0.630748, 0.125
0.863216, 0.125
0.863381, 0.125
0.02924, 0.126
0.04584, 0.126
0.607181, 0.126
0.629976, 0.126
0.863492, 0.126
0.863659, 0.126
0.029656, 0.127
0.046492, 0.127
0.605485, 0.127
0.629204, 0.127
0.863769, 0.127
0.863936, 0.127
0.030072, 0.128
0.047145, 0.128
0.603789, 0.128
0.628431, 0.128
0.864045, 0.128
0.864214, 0.128
0.030488, 0.129
0.047797, 0.129
0.602092, 0.129
0.627659, 0.129
0.864321, 0.129
0.864491, 0.129
0.030904, 0.13
0.04845, 0.13
0.600396, 0.13
0.626887, 0.13
0.864597, 0.13
0.864769, 0.13
0.031321, 0.131
0.049102, 0.131
0.5987, 0.131
0.626114, 0.131
0.864873, 0.131
0.865046, 0.131
0.031737, 0.132
0.049755, 0.132
0.597003, 0.132
0.625342, 0.132
0.865149, 0.132
0.865324, 0.132
0.032153, 0.133
0.050407, 0.133
0.595307, 0.133
0.62457, 0.133
0.865426, 0.133
0.865601, 0.133
0.032569, 0.134
0.05106, 0.134
0.593611, 0.134
0.623797, 0.134
0.865702, 0.134
0.865879, 0.134
0.032985, 0.135
0.051712, 0.135
0.591914, 0.135
0.623025, 0.135
0.865978, 0.135
0.866156, 0.135
0.033401, 0.136
0.052365, 0.136
0.590218, 0.136
0.622253, 0.136
0.866254, 0.136
0.866434, 0.136
0.033818, 0.137
0.053017, 0.137
0.588522, 0.137
0.62148, 0.137
0.86653, 0.137
0.866711, 0.137
0.034234, 0.138
0.05367, 0.138
0.586825, 0.138
0.620708, 0.138
0.866807, 0.138
0.866989, 0.138
0.03465, 0.139
0.054322, 0.139
0.585129, 0.139
0.619936, 0.139
0.867083, 0.139
0.867266, 0.139
0.035066, 0.14
0.054975, 0.14
0.583432, 0.14
0.619163, 0.14
0.867359, 0.14
0.867544, 0.14
0.035482, 0.141
0.055627, 0.141
0.581736, 0.141
0.618391, 0.141
0.867635, 0.141
0.867821, 0.141
0.035899, 0.142
0.05628, 0.142
0.58004, 0.142
0.617618, 0.142
0.867911, 0.142
0.868099, 0.142
0.036315, 0.143
0.056932, 0.143
0.578343, 0.143
0.616846, 0.143
0.868187, 0.143
0.868376, 0.143
0.036731, 0.144
0.057584, 0.144
0.576647, 0.144
0.616074, 0.144
0.868464, 0.144
0.868654, 0.144
0.037147, 0.145
0.058237, 0.145
0.574951, 0.145
0.615301, 0.145
0.86874, 0.145
0.868931, 0.145
0.037563, 0.146
0.058889, 0.146
0.573254, 0.146
0.614529, 0.146
0.869016, 0.146
0.869209, 0.146
0.03798, 0.147
0.059542, 0.147
0.571558, 0.147
0.613757, 0.147
0.869292, 0.147
0.869486, 0.147
0.038396, 0.148
0.060194, 0.148
0.569862, 0.148
0.612984, 0.148
0.869568, 0.148
0.869764, 0.148
0.038812, 0.149
0.060847, 0.149
0.568165, 0.149
0.612212, 0.149
0.869845, 0.149
0.870041, 0.149
0.039228, 0.15
0.061499, 0.15
0.566469, 0.15
0.61144, 0.15
0.870121, 0.15
0.870319, 0.15
0.039644, 0.151
0.062152, 0.151
0.564773, 0.151
0.610667, 0.151
0.870397, 0.151
0.870596, 0.151
0.04006, 0.152
0.062804, 0.152
0.563076, 0.152
0.609895, 0.152
0.870673, 0.152
0.870874, 0.152
0.040477, 0.153
0.063457, 0.153
0.56138, 0.153
0.609123, 0.153
0.870949, 0.153
0.871151, 0.153
0.040893, 0.154
0.064109, 0.154
0.559683, 0.154
0.60835, 0.154
0.871225, 0.154
0.871429, 0.154
0.041309, 0.155
0.064762, 0.155
0.557987, 0.155
0.607578, 0.155
0.871502, 0.155
0.871706, 0.155
0.041725, 0.156
0.065414, 0.156
0.556291, 0.156
0.606805, 0.156
0.871778, 0.156
0.871984, 0.156
0.042141, 0.157
0.066067, 0.157
0.554594, 0.157
0.606033, 0.157
0.872054, 0.157
0.872261, 0.157
0.042558, 0.158
0.066719, 0.158
0.552898, 0.158
0.605261, 0.158
0.87233, 0.158
0.872539, 0.158
0.042974, 0.159
0.067372, 0.159
0.551202, 0.159
0.604488, 0.159
0.872606, 0.159
0.872816, 0.159
0.04339, 0.16
0.068024, 0.16
0.549505, 0.16
0.603716, 0.16
0.872883, 0.16
0.873094, 0.16
0.043806, 0.161
0.068676, 0.161
0.547809, 0.161
0.602944, 0.161
0.873159, 0.161
0.873371, 0.161
0.044222, 0.162
0.069329, 0.162
0.546113, 0.162
0.602171, 0.162
0.873435, 0.162
0.873649, 0.162
0.044639, 0.163
0.069981, 0.163
0.544416, 0.163
0.601399, 0.163
0.873711, 0.163
0.873926, 0.163
0.045055, 0.164
0.070634, 0.164
0.54272, 0.164
0.600627, 0.164
0.873987, 0.164
0.874204, 0.164
0.045471, 0.165
0.071286, 0.165
0.541024, 0.165
0.599854, 0.165
0.874263, 0.165
0.874481, 0.165
0.045887, 0.166
0.071939, 0.166
0.539327, 0.166
0.599082, 0.166
0.87454, 0.166
0.874759, 0.166
0.046303, 0.167
0.072591, 0.167
0.537631, 0.167
0.59831, 0.167
0.874816, 0.167
0.875036, 0.167
0.046719, 0.168
0.073244, 0.168
0.535935, 0.168
0.597537, 0.168
0.875092, 0.168
0.875314, 0.168
0.047136, 0.169
0.073896, 0.169
0.534238, 0.169
0.596765, 0.169
0.875368, 0.169
0.875591, 0.169
0.047552, 0.17
0.074549, 0.17
0.532542, 0.17
0.595992, 0.17
0.875644, 0.17
0.875869, 0.17
0.047968, 0.171
0.075201, 0.171
0.530845, 0.171
0.59522, 0.171
0.875921, 0.171
0.876146, 0.171
0.048384, 0.172
0.075854, 0.172
0.529149, 0.172
0.594448, 0.172
0.876197, 0.172
0.876424, 0.172
0.0488, 0.173
0.076506, 0.173
0.527453, 0.173
0.593675, 0.173
0.876473, 0.173
0.876701, 0.173
0.049217, 0.174
0.077159, 0.174
0.525756, 0.174
0.592903, 0.174
0.876749, 0.174
0.876979, 0.174
0.049633, 0.175
0.077811, 0.175
0.52406, 0.175
0.592131, 0.175
0.877025, 0.175
0.877256, 0.175
0.050049, 0.176
0.078463, 0.176
0.522364, 0.176
0.591358, 0.176
0.877301, 0.176
0.877534, 0.176
0.050465, 0.177
0.079116, 0.177
0.520667, 0.177
0.590586, 0.177
0.877578, 0.177
0.877811, 0.177
0.050881, 0.178
0.079768, 0.178
0.518971, 0.178
0.589814, 0.178
0.877854, 0.178
0.878089, 0.178
0.051297, 0.179
0.080421, 0.179
0.517275, 0.179
0.589041, 0.179
0.87813, 0.179
0.878366, 0.179
0.051714, 0.18
0.081073, 0.18
0.515578, 0.18
0.588269, 0.18
0.878406, 0.18
0.878644, 0.18
0.05213, 0.181
0.081726, 0.181
0.513882, 0.181
0.587497, 0.181
0.878682, 0.181
0.878921, 0.181
0.052546, 0.182
0.082378, 0.182
0.512186, 0.182
0.586724, 0.182
0.878959, 0.182
0.879199, 0.182
0.052962, 0.183
0.083031, 0.183
0.510489, 0.183
0.585952, 0.183
0.879235, 0.183
0.879476, 0.183
0.053378, 0.184
0.083683, 0.184
0.508793, 0.184
0.585179, 0.184
0.879511, 0.184
0.879754, 0.184
0.053795, 0.185
0.084336, 0.185
0.507096, 0.185
0.584407, 0.185
0.879787, 0.185
0.880031, 0.185
0.054211, 0.186
0.084988, 0.186
0.5054, 0.186
0.583635, 0.186
0.880063, 0.186
0.880309, 0.186
0.054627, 0.187
0.085641, 0.187
0.503704, 0.187
0.582862, 0.187
0.880339, 0.187
0.880586, 0.187
0.055043, 0.188
0.086293, 0.188
0.502007, 0.188
0.58209, 0.188
0.880616, 0.188
0.880864, 0.188
0.055459, 0.189
0.086946, 0.189
0.500311, 0.189
0.581318, 0.189
0.880892, 0.189
0.881141, 0.189
0.055876, 0.19
0.087598, 0.19
0.498615, 0.19
0.580545, 0.19
0.881168, 0.19
0.881419, 0.19
0.056292, 0.191
0.088251, 0.191
0.496918, 0.191
0.579773, 0.191
0.881444, 0.191
0.881696, 0.191
0.056708, 0.192
0.088903, 0.192
0.495222, 0.192
0.579001, 0.192
0.88172, 0.192
0.881974, 0.192
0.057124, 0.193
0.089555, 0.193
0.493526, 0.193
0.578228, 0.193
0.654375, 0.193
0.655612, 0.193
0.881997, 0.193
0.882251, 0.193
0.05754, 0.194
0.090208, 0.194
0.491829, 0.194
0.577456, 0.194
0.651708, 0.194
0.656092, 0.194
0.882273, 0.194
0.882529, 0.194
0.057956, 0.195
0.09086, 0.195
0.490133, 0.195
0.576684, 0.195
0.649041, 0.195
0.656572, 0.195
0.882549, 0.195
0.882806, 0.195
0.058373, 0.196
0.091513, 0.196
0.488437, 0.196
0.575911, 0.196
0.646373, 0.196
0.657052, 0.196
0.882825, 0.196
0.883084, 0.196
0.058789, 0.197
0.092165, 0.197
0.48674, 0.197
0.575139, 0.197
0.643706, 0.197
0.657532, 0.197
0.883101, 0.197
0.883361, 0.197
0.059205, 0.198
0.092818, 0.198
0.485044, 0.198
0.574366, 0.198
0.641038, 0.198
0.658012, 0.198
0.883377, 0.198
0.883639, 0.198
0.059621, 0.199
0.09347, 0.199
0.483348, 0.199
0.573594, 0.199
0.638371, 0.199
0.658492, 0.199
0.883654, 0.199
0.883916, 0.199
0.060037, 0.2
0.094123, 0.2
0.481651, 0.2
0.572822, 0.2
0.635703, 0.2
0.658972, 0.2
0.88393, 0.2
0.884194, 0.2
0.060454, 0.201
0.094775, 0.201
0.479955, 0.201
0.572049, 0.201
0.633036, 0.201
0.659451, 0.201
0.884206, 0.201
0.884471, 0.201
0.06087, 0.202
0.095428, 0.202
0.478258, 0.202
0.571277, 0.202
0.630368, 0.202
0.659931, 0.202
0.884482, 0.202
0.884749, 0.202
0.061286, 0.203
0.09608, 0.203
0.476562, 0.203
0.570505, 0.203
0.627701, 0.203
0.660411, 0.203
0.884758, 0.203
0.885026, 0.203
0.061702, 0.204
0.096733, 0.204
0.474866, 0.204
0.569732, 0.204
0.625034, 0.204
0.660891, 0.204
0.885035, 0.204
0.885304, 0.204
0.062118, 0.205
0.097385, 0.205
0.473169, 0.205
0.56896, 0.205
0.622366, 0.205
0.661371, 0.205
0.885311, 0.205
0.885581, 0.205
0.062535, 0.206
0.098038, 0.206
0.471473, 0.206
0.568188, 0.206
0.619699, 0.206
0.661851, 0.206
0.885587, 0.206
0.885859, 0.206
0.062951, 0.207
0.09869, 0.207
0.469777, 0.207
0.567415, 0.207
0.617031, 0.207
0.662331, 0.207
0.885863, 0.207
0.886136, 0.207
0.063367, 0.208
0.099343, 0.208
0.46808, 0.208
0.566643, 0.208
0.614364, 0.208
0.662811, 0.208
0.886139, 0.208
0.886414, 0.208
0.063783, 0.209
0.099995, 0.209
0.466384, 0.209
0.565871, 0.209
0.611696, 0.209
0.663291, 0.209
0.886416, 0.209
0.886691, 0.209
0.064199, 0.21
0.100647, 0.21
0.464688, 0.21
0.565098, 0.21
0.609029, 0.21
0.66377, 0.21
0.886692, 0.21
0.886969, 0.21
0.064615, 0.211
0.1013, 0.211
0.462991, 0.211
0.564326, 0.211
0.606362, 0.211
0.66425, 0.211
0.886968, 0.211
0.887246, 0.211
0.065032, 0.212
0.101952, 0.212
0.461295, 0.212
0.563554, 0.212
0.603694, 0.212
0.66473, 0.212
0.887244, 0.212
0.887524, 0.212
0.065448, 0.213
0.102605, 0.213
0.459599, 0.213
0.562781, 0.213
0.601027, 0.213
0.66521, 0.213
0.88752, 0.213
0.887801, 0.213
0.065864, 0.214
0.103257, 0.214
0.457902, 0.214
0.562009, 0.214
0.598359, 0.214
0.66569, 0.214
0.887796, 0.214
0.888079, 0.214
0.06628, 0.215
0.10391, 0.215
0.456206, 0.215
0.561236, 0.215
0.595692, 0.215
0.66617, 0.215
0.888073, 0.215
0.888356, 0.215
0.066696, 0.216
0.104562, 0.216
0.454509, 0.216
0.560464, 0.216
0.593024, 0.216
0.66665, 0.216
0.888349, 0.216
0.888634, 0.216
0.067113, 0.217
0.105215, 0.217
0.452813, 0.217
0.559692, 0.217
0.590357, 0.217
0.66713, 0.217
0.888625, 0.217
0.888911, 0.217
0.067529, 0.218
0.105867, 0.218
0.451117, 0.218
0.558919, 0.218
0.588192, 0.218
0.66761, 0.218
0.888901, 0.218
0.889189, 0.218
0.067945, 0.219
0.10652, 0.219
0.44942, 0.219
0.558147, 0.219
0.586784, 0.219
0.66809, 0.219
0.889177, 0.219
0.889466, 0.219
0.068361, 0.22
0.107172, 0.22
0.447724, 0.22
0.557375, 0.22
0.585375, 0.22
0.668569, 0.22
0.889454, 0.22
0.889744, 0.22
0.068777, 0.221
0.107825, 0.221
0.446028, 0.221
0.556602, 0.221
0.583966, 0.221
0.669049, 0.221
0.88973, 0.221
0.890022, 0.221
0.069193, 0.222
0.108477, 0.222
0.444331, 0.222
0.55583, 0.222
0.582557, 0.222
0.669529, 0.222
0.890006, 0.222
0.890299, 0.222
0.06961, 0.223
0.10913, 0.223
0.442635, 0.223
0.555058, 0.223
0.581149, 0.223
0.670009, 0.223
0.890282, 0.223
0.890577, 0.223
0.070026, 0.224
0.109782, 0.224
0.440939, 0.224
0.554285, 0.224
0.57974, 0.224
0.670489, 0.224
0.890558, 0.224
0.890854, 0.224
0.070442, 0.225
0.110434, 0.225
0.439242, 0.225
0.553513, 0.225
0.578331, 0.225
0.670969, 0.225
0.890834, 0.225
0.891132, 0.225
0.070858, 0.226
0.111087, 0.226
0.437546, 0.226
0.552741, 0.226
0.576922, 0.226
0.671449, 0.226
0.891111, 0.226
0.891409, 0.226
0.071274, 0.227
0.111739, 0.227
0.43585, 0.227
0.551968, 0.227
0.575513, 0.227
0.671929, 0.227
0.891387, 0.227
0.891687, 0.227
0.071691, 0.228
0.112392, 0.228
0.434153, 0.228
0.551196, 0.228
0.574105, 0.228
0.672409, 0.228
0.891663, 0.228
0.891964, 0.228
0.072107, 0.229
0.113044, 0.229
0.432457, 0.229
0.550423, 0.229
0.572696, 0.229
0.672889, 0.229
0.891939, 0.229
0.892242, 0.229
0.072523, 0.23
0.113697, 0.23
0.430761, 0.23
0.549651, 0.23
0.571287, 0.23
0.673368, 0.23
0.892215, 0.23
0.892519, 0.23
0.072939, 0.231
0.114349, 0.231
0.429064, 0.231
0.548879, 0.231
0.569878, 0.231
0.673848, 0.231
0.892492, 0.231
0.892797, 0.231
0.073355, 0.232
0.115002, 0.232
0.427368, 0.232
0.548106, 0.232
0.56847, 0.232
0.674328, 0.232
0.892768, 0.232
0.893074, 0.232
0.073772, 0.233
0.115654, 0.233
0.425671, 0.233
0.547334, 0.233
0.567061, 0.233
0.674808, 0.233
0.893044, 0.233
0.893352, 0.233
0.074188, 0.234
0.116307, 0.234
0.423975, 0.234
0.546562, 0.234
0.565652, 0.234
0.675288, 0.234
0.89332, 0.234
0.893629, 0.234
0.074604, 0.235
0.116959, 0.235
0.422279, 0.235
0.545789, 0.235
0.564243, 0.235
0.675768, 0.235
0.893596, 0.235
0.893907, 0.235
0.07502, 0.236
0.117612, 0.236
0.420582, 0.236
0.545017, 0.236
0.562834, 0.236
0.676248, 0.236
0.893872, 0.236
0.894184, 0.236
0.075436, 0.237
0.118264, 0.237
0.418886, 0.237
0.544245, 0.237
0.561426, 0.237
0.676728, 0.237
0.894149, 0.237
0.894462, 0.237
0.075852, 0.238
0.118917, 0.238
0.41719, 0.238
0.543472, 0.238
0.560017, 0.238
0.677208, 0.238
0.894425, 0.238
0.894739, 0.238
0.076269, 0.239
0.119569, 0.239
0.415493, 0.239
0.5427, 0.239
0.558608, 0.239
0.677687, 0.239
0.894701, 0.239
0.895017, 0.239
0.076685, 0.24
0.120222, 0.24
0.413797, 0.24
0.541928, 0.24
0.557199, 0.24
0.678167, 0.24
0.894977, 0.24
0.895294, 0.24
0.077101, 0.241
0.120874, 0.241
0.412101, 0.241
0.541155, 0.241
0.555791, 0.241
0.678647, 0.241
0.895253, 0.241
0.895572, 0.241
0.077517, 0.242
0.121526, 0.242
0.410404, 0.242
0.540383, 0.242
0.554382, 0.242
0.679127, 0.242
0.89553, 0.242
0.895849, 0.242
0.077933, 0.243
0.122179, 0.243
0.408708, 0.243
0.53961, 0.243
0.552973, 0.243
0.679607, 0.243
0.895806, 0.243
0.896127, 0.243
0.07835, 0.244
0.122831, 0.244
0.407012, 0.244
0.538838, 0.244
0.551564, 0.244
0.680087, 0.244
0.896082, 0.244
0.896404, 0.244
0.078766, 0.245
0.123484, 0.245
0.405315, 0.245
0.538066, 0.245
0.550156, 0.245
0.680567, 0.245
0.896358, 0.245
0.896682, 0.245
0.079182, 0.246
0.124136, 0.246
0.403619, 0.246
0.537293, 0.246
0.548747, 0.246
0.681047, 0.246
0.896634, 0.246
0.896959, 0.246
0.079598, 0.247
0.124789, 0.247
0.401922, 0.247
0.536521, 0.247
0.547338, 0.247
0.681527, 0.247
0.89691, 0.247
0.897237, 0.247
0.080014, 0.248
0.125441, 0.248
0.400226, 0.248
0.535749, 0.248
0.545929, 0.248
0.682007, 0.248
0.897187, 0.248
0.897514, 0.248
0.080431, 0.249
0.126094, 0.249
0.39853, 0.249
0.534976, 0.249
0.54452, 0.249
0.682486, 0.249
0.897463, 0.249
0.897792, 0.249
0.080847, 0.25
0.126746, 0.25
0.396833, 0.25
0.534204, 0.25
0.543112, 0.25
0.682966, 0.25
0.897739, 0.25
0.898069, 0.25
0.081263, 0.251
0.127399, 0.251
0.395137, 0.251
0.533432, 0.251
0.541703, 0.251
0.683446, 0.251
0.898015, 0.251
0.898347, 0.251
0.081679, 0.252
0.128051, 0.252
0.393441, 0.252
0.532659, 0.252
0.540294, 0.252
0.683926, 0.252
0.898291, 0.252
0.898624, 0.252
0.082095, 0.253
0.128704, 0.253
0.391744, 0.253
0.531887, 0.253
0.538885, 0.253
0.684406, 0.253
0.898568, 0.253
0.898902, 0.253
0.082511, 0.254
0.129356, 0.254
0.390048, 0.254
0.531115, 0.254
0.537477, 0.254
0.684886, 0.254
0.898844, 0.254
0.899179, 0.254
0.082928, 0.255
0.130009, 0.255
0.388352, 0.255
0.530342, 0.255
0.536068, 0.255
0.685366, 0.255
0.89912, 0.255
0.899457, 0.255
0.083344, 0.256
0.130661, 0.256
0.386655, 0.256
0.52957, 0.256
0.534659, 0.256
0.685846, 0.256
0.899396, 0.256
0.899734, 0.256
0.08376, 0.257
0.131314, 0.257
0.384959, 0.257
0.528797, 0.257
0.53325, 0.257
0.686326, 0.257
0.899672, 0.257
0.900012, 0.257
0.084176, 0.258
0.131966, 0.258
0.383263, 0.258
0.528025, 0.258
0.531841, 0.258
0.686806, 0.258
0.899948, 0.258
0.900289, 0.258
0.084592, 0.259
0.132618, 0.259
0.381566, 0.259
0.527253, 0.259
0.530433, 0.259
0.687285, 0.259
0.900225, 0.259
0.900567, 0.259
0.085009, 0.26
0.133271, 0.26
0.37987, 0.26
0.52648, 0.26
0.529024, 0.26
0.687765, 0.26
0.900501, 0.26
0.900844, 0.26
0.085425, 0.261
0.133923, 0.261
0.378174, 0.261
0.525708, 0.261
0.527615, 0.261
0.688245, 0.261
0.900777, 0.261
0.901122, 0.261
0.085841, 0.262
0.134576, 0.262
0.376477, 0.262
0.524936, 0.262
0.526206, 0.262
0.688725, 0.262
0.901053, 0.262
0.901399, 0.262
0.086257, 0.263
0.135228, 0.263
0.374781, 0.263
0.524163, 0.263
0.524798, 0.263
0.689205, 0.263
0.901329, 0.263
0.901677, 0.263
0.086673, 0.264
0.135881, 0.264
0.373084, 0.264
0.689685, 0.264
0.901606, 0.264
0.901954, 0.264
0.087089, 0.265
0.136533, 0.265
0.371388, 0.265
0.690165, 0.265
0.901882, 0.265
0.902232, 0.265
0.087506, 0.266
0.137186, 0.266
0.369692, 0.266
0.690645, 0.266
0.902158, 0.266
0.902509, 0.266
0.087922, 0.267
0.137838, 0.267
0.367995, 0.267
0.691125, 0.267
0.902434, 0.267
0.902787, 0.267
0.088338, 0.268
0.138491, 0.268
0.366299, 0.268
0.691604, 0.268
0.90271, 0.268
0.903064, 0.268
0.088754, 0.269
0.139143, 0.269
0.364603, 0.269
0.692084, 0.269
0.902986, 0.269
0.903342, 0.269
0.08917, 0.27
0.139796, 0.27
0.362906, 0.27
0.692564, 0.27
0.903263, 0.27
0.903619, 0.27
0.089587, 0.271
0.140448, 0.271
0.36121, 0.271
0.693044, 0.271
0.903539, 0.271
0.903897, 0.271
0.090003, 0.272
0.141101, 0.272
0.359514, 0.272
0.693524, 0.272
0.903815, 0.272
0.904174, 0.272
0.090419, 0.273
0.141753, 0.273
0.357817, 0.273
0.694004, 0.273
0.904091, 0.273
0.904452, 0.273
0.090835, 0.274
0.142406, 0.274
0.356121, 0.274
0.694484, 0.274
0.904367, 0.274
0.904729, 0.274
0.091251, 0.275
0.143058, 0.275
0.354425, 0.275
0.694964, 0.275
0.904644, 0.275
0.905007, 0.275
0.091668, 0.276
0.14371, 0.276
0.352728, 0.276
0.695444, 0.276
0.90492, 0.276
0.905284, 0.276
0.092084, 0.277
0.144363, 0.277
0.351032, 0.277
0.695924, 0.277
0.905196, 0.277
0.905562, 0.277
0.0925, 0.278
0.145015, 0.278
0.349335, 0.278
0.696403, 0.278
0.905472, 0.278
0.905839, 0.278
0.092916, 0.279
0.145668, 0.279
0.347639, 0.279
0.696883, 0.279
0.905748, 0.279
0.906117, 0.279
0.093332, 0.28
0.14632, 0.28
0.345943, 0.28
0.697363, 0.28
0.906024, 0.28
0.906394, 0.28
0.093748, 0.281
0.146973, 0.281
0.344246, 0.281
0.697843, 0.281
0.906301, 0.281
0.906672, 0.281
0.094165, 0.282
0.147625, 0.282
0.34255, 0.282
0.698323, 0.282
0.906577, 0.282
0.906949, 0.282
0.094581, 0.283
0.148278, 0.283
0.340854, 0.283
0.698803, 0.283
0.906853, 0.283
0.907227, 0.283
0.094997, 0.284
0.14893, 0.284
0.339157, 0.284
0.699283, 0.284
0.907129, 0.284
0.907504, 0.284
0.095413, 0.285
0.149583, 0.285
0.337461, 0.285
0.699763, 0.285
0.907405, 0.285
0.907782, 0.285
0.095829, 0.286
0.150235, 0.286
0.335765, 0.286
0.700243, 0.286
0.907682, 0.286
0.908059, 0.286
0.096246, 0.287
0.150888, 0.287
0.334068, 0.287
0.700723, 0.287
0.907958, 0.287
0.908337, 0.287
0.096662, 0.288
0.15154, 0.288
0.332372, 0.288
0.701202, 0.288
0.908234, 0.288
0.908614, 0.288
0.097078, 0.289
0.152193, 0.289
0.330676, 0.289
0.701682, 0.289
0.90851, 0.289
0.908892, 0.289
0.097494, 0.29
0.152845, 0.29
0.328979, 0.29
0.702162, 0.29
0.908786, 0.29
0.909169, 0.29
0.09791, 0.291
0.153497, 0.291
0.327283, 0.291
0.702642, 0.291
0.909062, 0.291
0.909447, 0.291
0.098327, 0.292
0.15415, 0.292
0.325587, 0.292
0.703122, 0.292
0.909339, 0.292
0.909724, 0.292
0.098743, 0.293
0.154802, 0.293
0.32389, 0.293
0.703602, 0.293
0.909615, 0.293
0.910002, 0.293
0.099159, 0.294
0.155455, 0.294
0.322194, 0.294
0.704082, 0.294
0.909891, 0.294
0.910279, 0.294
0.099575, 0.295
0.156107, 0.295
0.320497, 0.295
0.704562, 0.295
0.910167, 0.295
0.910557, 0.295
0.099991, 0.296
0.15676, 0.296
0.318801, 0.296
0.705042, 0.296
0.910443, 0.296
0.910834, 0.296
0.100407, 0.297
0.157412, 0.297
0.317105, 0.297
0.705522, 0.297
0.91072, 0.297
0.911112, 0.297
0.100824, 0.298
0.158065, 0.298
0.315408, 0.298
0.706001, 0.298
0.910996, 0.298
0.911389, 0.298
0.10124, 0.299
0.158717, 0.299
0.313712, 0.299
0.706481, 0.299
0.911272, 0.299
0.911667, 0.299
0.101656, 0.3
0.15937, 0.3
0.312016, 0.3
0.706961, 0.3
0.911548, 0.3
0.911944, 0.3
0.102072, 0.301
0.160022, 0.301
0.310319, 0.301
0.707441, 0.301
0.911824, 0.301
0.912222, 0.301
0.102488, 0.302
0.160675, 0.302
0.308623, 0.302
0.707921, 0.302
0.9121, 0.302
0.912499, 0.302
0.102905, 0.303
0.161327, 0.303
0.306927, 0.303
0.708401, 0.303
0.912377, 0.303
0.912777, 0.303
0.103321, 0.304
0.16198, 0.304
0.30523, 0.304
0.708881, 0.304
0.912653, 0.304
0.913054, 0.304
0.103737, 0.305
0.162632, 0.305
0.303534, 0.305
0.709361, 0.305
0.912929, 0.305
0.913332, 0.305
0.104153, 0.306
0.163285, 0.306
0.301838, 0.306
0.709841, 0.306
0.913205, 0.306
0.913609, 0.306
0.104569, 0.307
0.163937, 0.307
0.300141, 0.307
0.71032, 0.307
0.913481, 0.307
0.913887, 0.307
0.104985, 0.308
0.164589, 0.308
0.298445, 0.308
0.7108, 0.308
0.913758, 0.308
0.914164, 0.308
0.105402, 0.309
0.165242, 0.309
0.296748, 0.309
0.71128, 0.309
0.914034, 0.309
0.914442, 0.309
0.105818, 0.31
0.165894, 0.31
0.295052, 0.31
0.71176, 0.31
0.91431, 0.31
0.914719, 0.31
0.106234, 0.311
0.166547, 0.311
0.293356, 0.311
0.71224, 0.311
0.914586, 0.311
0.914997, 0.311
0.10665, 0.312
0.167199, 0.312
0.291659, 0.312
0.71272, 0.312
0.914862, 0.312
0.915274, 0.312
0.107066, 0.313
0.167852, 0.313
0.289963, 0.313
0.7132, 0.313
0.915138, 0.313
0.915552, 0.313
0.107483, 0.314
0.168504, 0.314
0.288267, 0.314
0.71368, 0.314
0.915415, 0.314
0.915829, 0.314
0.107899, 0.315
0.169157, 0.315
0.28657, 0.315
0.71416, 0.315
0.915691, 0.315
0.916107, 0.315
0.108315, 0.316
0.169809, 0.316
0.284874, 0.316
0.71464, 0.316
0.915967, 0.316
0.916384, 0.316
0.108731, 0.317
0.170462, 0.317
0.283178, 0.317
0.715119, 0.317
0.916243, 0.317
0.916662, 0.317
0.109147, 0.318
0.171114, 0.318
0.281481, 0.318
0.715599, 0.318
0.916519, 0.318
0.916939, 0.318
0.109564, 0.319
0.171767, 0.319
0.279785, 0.319
0.716079, 0.319
0.916796, 0.319
0.917217, 0.319
0.10998, 0.32
0.172419, 0.32
0.278089, 0.32
0.716559, 0.32
0.917072, 0.32
0.917494, 0.32
0.110396, 0.321
0.173072, 0.321
0.276392, 0.321
0.717039, 0.321
0.917348, 0.321
0.917772, 0.321
0.110812, 0.322
0.173724, 0.322
0.274696, 0.322
0.717519, 0.322
0.917624, 0.322
0.918049, 0.322
0.111228, 0.323
0.174377, 0.323
0.272999, 0.323
0.717999, 0.323
0.9179, 0.323
0.918327, 0.323
0.111644, 0.324
0.175029, 0.324
0.271303, 0.324
0.718479, 0.324
0.918176, 0.324
0.918604, 0.324
0.112061, 0.325
0.175681, 0.325
0.269607, 0.325
0.718959, 0.325
0.918453, 0.325
0.918882, 0.325
0.112477, 0.326
0.176334, 0.326
0.26791, 0.326
0.719439, 0.326
0.918729, 0.326
0.919159, 0.326
0.112893, 0.327
0.176986, 0.327
0.266214, 0.327
0.719918, 0.327
0.919005, 0.327
0.919437, 0.327
0.113309, 0.328
0.177639, 0.328
0.264518, 0.328
0.720398, 0.328
0.919281, 0.328
0.919714, 0.328
0.113725, 0.329
0.178291, 0.329
0.262821, 0.329
0.720878, 0.329
0.919557, 0.329
0.919992, 0.329
0.114142, 0.33
0.178944, 0.33
0.261125, 0.33
0.721358, 0.33
0.919834, 0.33
0.920269, 0.33
0.114558, 0.331
0.179596, 0.331
0.259429, 0.331
0.721838, 0.331
0.92011, 0.331
0.920547, 0.331
0.114974, 0.332
0.180249, 0.332
0.257732, 0.332
0.722318, 0.332
0.920386, 0.332
0.920824, 0.332
0.11539, 0.333
0.180901, 0.333
0.256036, 0.333
0.722798, 0.333
0.920662, 0.333
0.921102, 0.333
0.115806, 0.334
0.181554, 0.334
0.25434, 0.334
0.723278, 0.334
0.920938, 0.334
0.921379, 0.334
0.116223, 0.335
0.182206, 0.335
0.252643, 0.335
0.723758, 0.335
0.921214, 0.335
0.921657, 0.335
0.116639, 0.336
0.182859, 0.336
0.250947, 0.336
0.724237, 0.336
0.921491, 0.336
0.921934, 0.336
0.117055, 0.337
0.183511, 0.337
0.249251, 0.337
0.724717, 0.337
0.921767, 0.337
0.922212, 0.337
0.117471, 0.338
0.184164, 0.338
0.247554, 0.338
0.725197, 0.338
0.922043, 0.338
0.922489, 0.338
0.117887, 0.339
0.184816, 0.339
0.245858, 0.339
0.725677, 0.339
0.922319, 0.339
0.922767, 0.339
0.118303, 0.34
0.185468, 0.34
0.244161, 0.34
0.726157, 0.34
0.922595, 0.34
0.923044, 0.34
0.11872, 0.341
0.186121, 0.341
0.242465, 0.341
0.726637, 0.341
0.922872, 0.341
0.923322, 0.341
0.119136, 0.342
0.186773, 0.342
0.240769, 0.342
0.727117, 0.342
0.923148, 0.342
0.923599, 0.342
0.119552, 0.343
0.187426, 0.343
0.239072, 0.343
0.727597, 0.343
0.923424, 0.343
0.923877, 0.343
0.119968, 0.344
0.188078, 0.344
0.237376, 0.344
0.728077, 0.344
0.9237, 0.344
0.924154, 0.344
0.120384, 0.345
0.188731, 0.345
0.23568, 0.345
0.728557, 0.345
0.923976, 0.345
0.924432, 0.345
0.120801, 0.346
0.189383, 0.346
0.233983, 0.346
0.729036, 0.346
0.924252, 0.346
0.924709, 0.346
0.121217, 0.347
0.190036, 0.347
0.232287, 0.347
0.729516, 0.347
0.924529, 0.347
0.924987, 0.347
0.121633, 0.348
0.190688, 0.348
0.230591, 0.348
0.729996, 0.348
0.924805, 0.348
0.925264, 0.348
0.122049, 0.349
0.191341, 0.349
0.228894, 0.349
0.730476, 0.349
0.925081, 0.349
0.925542, 0.349
0.122465, 0.35
0.191993, 0.35
0.227198, 0.35
0.730956, 0.35
0.925357, 0.35
0.925819, 0.35
0.122881, 0.351
0.192646, 0.351
0.225502, 0.351
0.731436, 0.351
0.925633, 0.351
0.926097, 0.351
0.123298, 0.352
0.193298, 0.352
0.223805, 0.352
0.731916, 0.352
0.92591, 0.352
0.926374, 0.352
0.123714, 0.353
0.193951, 0.353
0.222109, 0.353
0.732396, 0.353
0.926186, 0.353
0.926652, 0.353
0.12413, 0.354
0.194603, 0.354
0.220412, 0.354
0.732876, 0.354
0.926462, 0.354
0.926929, 0.354
0.124546, 0.355
0.195256, 0.355
0.218716, 0.355
0.733356, 0.355
0.926738, 0.355
0.927207, 0.355
0.124962, 0.356
0.195908, 0.356
0.21702, 0.356
0.733835, 0.356
0.927014, 0.356
0.927484, 0.356
0.125379, 0.357
0.19656, 0.357
0.215323, 0.357
0.734315, 0.357
0.92729, 0.357
0.927762, 0.357
0.125795, 0.358
0.197213, 0.358
0.213627, 0.358
0.734795, 0.358
0.927567, 0.358
0.928039, 0.358
0.126211, 0.359
0.197865, 0.359
0.211931, 0.359
0.735275, 0.359
0.927843, 0.359
0.928317, 0.359
0.126627, 0.36
0.198518, 0.36
0.210234, 0.36
0.735755, 0.36
0.928119, 0.36
0.928594, 0.36
0.127043, 0.361
0.19917, 0.361
0.208538, 0.361
0.736235, 0.361
0.928395, 0.361
0.928872, 0.361
0.12746, 0.362
0.199823, 0.362
0.206842, 0.362
0.736715, 0.362
0.928671, 0.362
0.929149, 0.362
0.127876, 0.363
0.200475, 0.363
0.205145, 0.363
0.737195, 0.363
0.928948, 0.363
0.929427, 0.363
0.128292, 0.364
0.201128, 0.364
0.203449, 0.364
0.737675, 0.364
0.929224, 0.364
0.929704, 0.364
0.128708, 0.365
0.738154, 0.365
0.9295, 0.365
0.929982, 0.365
0.129124, 0.366
0.738634, 0.366
0.929776, 0.366
0.930259, 0.366
0.12954, 0.367
0.739114, 0.367
0.930052, 0.367
0.930537, 0.367
0.129957, 0.368
0.739594, 0.368
0.930328, 0.368
0.930814, 0.368
0.130373, 0.369
0.740074, 0.369
0.930605, 0.369
0.931092, 0.369
0.130789, 0.37
0.740554, 0.37
0.930881, 0.37
0.931369, 0.37
0.131205, 0.371
0.741034, 0.371
0.931157, 0.371
0.931647, 0.371
0.131621, 0.372
0.741514, 0.372
0.931433, 0.372
0.931924, 0.372
0.132038, 0.373
0.741994, 0.373
0.931709, 0.373
0.932202, 0.373
0.132454, 0.374
0.742474, 0.374
0.931986, 0.374
0.932479, 0.374
0.13287, 0.375
0.742953, 0.375
0.932262, 0.375
0.932757, 0.375
0.133286, 0.376
0.743433, 0.376
0.932538, 0.376
0.933034, 0.376
0.133702, 0.377
0.743913, 0.377
0.932814, 0.377
0.933312, 0.377
0.134119, 0.378
0.744393, 0.378
0.93309, 0.378
0.933589, 0.378
0.134535, 0.379
0.744873, 0.379
0.933366, 0.379
0.933867, 0.379
0.134951, 0.38
0.745353, 0.38
0.933643, 0.38
0.934144, 0.38
0.135367, 0.381
0.745833, 0.381
0.933919, 0.381
0.934422, 0.381
0.135783, 0.382
0.746313, 0.382
0.934195, 0.382
0.934699, 0.382
0.136199, 0.383
0.746793, 0.383
0.934471, 0.383
0.934977, 0.383
0.136616, 0.384
0.747273, 0.384
0.934747, 0.384
0.935254, 0.384
0.137032, 0.385
0.747752, 0.385
0.935024, 0.385
0.935532, 0.385
0.137448, 0.386
0.748232, 0.386
0.9353, 0.386
0.935809, 0.386
0.137864, 0.387
0.748712, 0.387
0.935576, 0.387
0.936087, 0.387
0.13828, 0.388
0.749192, 0.388
0.935852, 0.388
0.936364, 0.388
0.138697, 0.389
0.749672, 0.389
0.936128, 0.389
0.936642, 0.389
0.139113, 0.39
0.750152, 0.39
0.936404, 0.39
0.936919, 0.39
0.139529, 0.391
0.750632, 0.391
0.936681, 0.391
0.937197, 0.391
0.139945, 0.392
0.751112, 0.392
0.936957, 0.392
0.937474, 0.392
0.140361, 0.393
0.751592, 0.393
0.937233, 0.393
0.937752, 0.393
0.140777, 0.394
0.752071, 0.394
0.937509, 0.394
0.938029, 0.394
0.141194, 0.395
0.752551, 0.395
0.937785, 0.395
0.938307, 0.395
0.14161, 0.396
0.753031, 0.396
0.938062, 0.396
0.938584, 0.396
0.142026, 0.397
0.753511, 0.397
0.938338, 0.397
0.938862, 0.397
0.142442, 0.398
0.753991, 0.398
0.938614, 0.398
0.939139, 0.398
0.142858, 0.399
0.754471, 0.399
0.93889, 0.399
0.939417, 0.399
0.143275, 0.4
0.754951, 0.4
0.939166, 0.4
0.939694, 0.4
0.143691, 0.401
0.755431, 0.401
0.939442, 0.401
0.939972, 0.401
0.144107, 0.402
0.755911, 0.402
0.939719, 0.402
0.940249, 0.402
0.144523, 0.403
0.756391, 0.403
0.939995, 0.403
0.940527, 0.403
0.144939, 0.404
0.75687, 0.404
0.940271, 0.404
0.940804, 0.404
0.145356, 0.405
0.75735, 0.405
0.940547, 0.405
0.941082, 0.405
0.145772, 0.406
0.75783, 0.406
0.940823, 0.406
0.941359, 0.406
0.146188, 0.407
0.75831, 0.407
0.9411, 0.407
0.941637, 0.407
0.146604, 0.408
0.75879, 0.408
0.941376, 0.408
0.941915, 0.408
0.14702, 0.409
0.75927, 0.409
0.941652, 0.409
0.942192, 0.409
0.147436, 0.41
0.75975, 0.41
0.941928, 0.41
0.94247, 0.41
0.147853, 0.411
0.76023, 0.411
0.942204, 0.411
0.942747, 0.411
0.148269, 0.412
0.76071, 0.412
0.94248, 0.412
0.943025, 0.412
0.148685, 0.413
0.76119, 0.413
0.942757, 0.413
0.943302, 0.413
0.149101, 0.414
0.761669, 0.414
0.943033, 0.414
0.94358, 0.414
0.149517, 0.415
0.762149, 0.415
0.943309, 0.415
0.943857, 0.415
0.149934, 0.416
0.762629, 0.416
0.943585, 0.416
0.944135, 0.416
0.15035, 0.417
0.763109, 0.417
0.943861, 0.417
0.944412, 0.417
0.150766, 0.418
0.763589, 0.418
0.944138, 0.418
0.94469, 0.418
0.151182, 0.419
0.764069, 0.419
0.944414, 0.419
0.944967, 0.419
0.151598, 0.42
0.764549, 0.42
0.94469, 0.42
0.945245, 0.42
0.152015, 0.421
0.765029, 0.421
0.944966, 0.421
0.945522, 0.421
0.152431, 0.422
0.765509, 0.422
0.945242, 0.422
0.9458, 0.422
0.152847, 0.423
0.765988, 0.423
0.945518, 0.423
0.946077, 0.423
0.153263, 0.424
0.766468, 0.424
0.945795, 0.424
0.946355, 0.424
0.153679, 0.425
0.766948, 0.425
0.946071, 0.425
0.946632, 0.425
0.154095, 0.426
0.767428, 0.426
0.946347, 0.426
0.94691, 0.426
0.154512, 0.427
0.767908, 0.427
0.946623, 0.427
0.947187, 0.427
0.154928, 0.428
0.768388, 0.428
0.946899, 0.428
0.947465, 0.428
0.155648, 0.429
0.768868, 0.429
0.947176, 0.429
0.947742, 0.429
0.157143, 0.43
0.769348, 0.43
0.947452, 0.43
0.94802, 0.43
0.158639, 0.431
0.769828, 0.431
0.947728, 0.431
0.948297, 0.431
0.160134, 0.432
0.770308, 0.432
0.948004, 0.432
0.948575, 0.432
0.161629, 0.433
0.770787, 0.433
0.94828, 0.433
0.948852, 0.433
0.163125, 0.434
0.771267, 0.434
0.948557, 0.434
0.94913, 0.434
0.16462, 0.435
0.771747, 0.435
0.948833, 0.435
0.949407, 0.435
0.166115, 0.436
0.772227, 0.436
0.949109, 0.436
0.949685, 0.436
0.16761, 0.437
0.772707, 0.437
0.949385, 0.437
0.949962, 0.437
0.169106, 0.438
0.773187, 0.438
0.949661, 0.438
0.95024, 0.438
0.170601, 0.439
0.773667, 0.439
0.949937, 0.439
0.950517, 0.439
0.172096, 0.44
0.774147, 0.44
0.950214, 0.44
0.950795, 0.44
0.173592, 0.441
0.774627, 0.441
0.95049, 0.441
0.951072, 0.441
0.175087, 0.442
0.775107, 0.442
0.950766, 0.442
0.95135, 0.442
0.176582, 0.443
0.775586, 0.443
0.951042, 0.443
0.951627, 0.443
0.178078, 0.444
0.776066, 0.444
0.951318, 0.444
0.951905, 0.444
0.179573, 0.445
0.776546, 0.445
0.951595, 0.445
0.952182, 0.445
0.181068, 0.446
0.777026, 0.446
0.951871, 0.446
0.95246, 0.446
0.182564, 0.447
0.777506, 0.447
0.952147, 0.447
0.952737, 0.447
0.184059, 0.448
0.777986, 0.448
0.952423, 0.448
0.953015, 0.448
0.185554, 0.449
0.778466, 0.449
0.952699, 0.449
0.953292, 0.449
0.18705, 0.45
0.778946, 0.45
0.952975, 0.45
0.95357, 0.45
0.188545, 0.451
0.779426, 0.451
0.953252, 0.451
0.953847, 0.451
0.19004, 0.452
0.779905, 0.452
0.953528, 0.452
0.954125, 0.452
0.191536, 0.453
0.780385, 0.453
0.953804, 0.453
0.954402, 0.453
0.193031, 0.454
0.780865, 0.454
0.95408, 0.454
0.95468, 0.454
0.194526, 0.455
0.781345, 0.455
0.954356, 0.455
0.954957, 0.455
0.196021, 0.456
0.781825, 0.456
0.954633, 0.456
0.955235, 0.456
0.197517, 0.457
0.782305, 0.457
0.954909, 0.457
0.955512, 0.457
0.199012, 0.458
0.782785, 0.458
0.955185, 0.458
0.95579, 0.458
0.200507, 0.459
0.783265, 0.459
0.955461, 0.459
0.956067, 0.459
0.202003, 0.46
0.783745, 0.46
0.955737, 0.46
0.956345, 0.46
0.203498, 0.461
0.783603, 0.461
0.956013, 0.461
0.956622, 0.461
0.204993, 0.462
0.783275, 0.462
0.95629, 0.462
0.9569, 0.462
0.206489, 0.463
0.782947, 0.463
0.956566, 0.463
0.957177, 0.463
0.207984, 0.464
0.782619, 0.464
0.956842, 0.464
0.957455, 0.464
0.209479, 0.465
0.782291, 0.465
0.957118, 0.465
0.957732, 0.465
0.210975, 0.466
0.781963, 0.466
0.957394, 0.466
0.95801, 0.466
0.21247, 0.467
0.781635, 0.467
0.957671, 0.467
0.958287, 0.467
0.213965, 0.468
0.781307, 0.468
0.957947, 0.468
0.958565, 0.468
0.215461, 0.469
0.780979, 0.469
0.958223, 0.469
0.958842, 0.469
0.216956, 0.47
0.780651, 0.47
0.958499, 0.47
0.95912, 0.47
0.218451, 0.471
0.780323, 0.471
0.958775, 0.471
0.959397, 0.471
0.219946, 0.472
0.779995, 0.472
0.959051, 0.472
0.959675, 0.472
0.221442, 0.473
0.779667, 0.473
0.959328, 0.473
0.959952, 0.473
0.222937, 0.474
0.779339, 0.474
0.959604, 0.474
0.96023, 0.474
0.224432, 0.475
0.779011, 0.475
0.95988, 0.475
0.960507, 0.475
0.225928, 0.476
0.778683, 0.476
0.960156, 0.476
0.960785, 0.476
0.227423, 0.477
0.778355, 0.477
0.960432, 0.477
0.961062, 0.477
0.228918, 0.478
0.778027, 0.478
0.960709, 0.478
0.96134, 0.478
0.230414, 0.479
0.777699, 0.479
0.960985, 0.479
0.961617, 0.479
0.231909, 0.48
0.777371, 0.48
0.961261, 0.48
0.961895, 0.48
0.233404, 0.481
0.777043, 0.481
0.961537, 0.481
0.962172, 0.481
0.2349, 0.482
0.776715, 0.482
0.961813, 0.482
0.96245, 0.482
0.236395, 0.483
0.776387, 0.483
0.962089, 0.483
0.962727, 0.483
0.23789, 0.484
0.776059, 0.484
0.962366, 0.484
0.963005, 0.484
0.239386, 0.485
0.775731, 0.485
0.962642, 0.485
0.963282, 0.485
0.240881, 0.486
0.775403, 0.486
0.962918, 0.486
0.96356, 0.486
0.242376, 0.487
0.775075, 0.487
0.963194, 0.487
0.963837, 0.487
0.243872, 0.488
0.774747, 0.488
0.96347, 0.488
0.964115, 0.488
0.245367, 0.489
0.774419, 0.489
0.963747, 0.489
0.964392, 0.489
0.246862, 0.49
0.774091, 0.49
0.964023, 0.49
0.96467, 0.49
0.248357, 0.491
0.773763, 0.491
0.964299, 0.491
0.964947, 0.491
0.249853, 0.492
0.773435, 0.492
0.964575, 0.492
0.965225, 0.492
0.251348, 0.493
0.773107, 0.493
0.964851, 0.493
0.965502, 0.493
0.252843, 0.494
0.772779, 0.494
0.965127, 0.494
0.96578, 0.494
0.254339, 0.495
0.772451, 0.495
0.965404, 0.495
0.966057, 0.495
0.255834, 0.496
0.772123, 0.496
0.96568, 0.496
0.966335, 0.496
0.257329, 0.497
0.771795, 0.497
0.965956, 0.497
0.966612, 0.497
0.258825, 0.498
0.771467, 0.498
0.966232, 0.498
0.96689, 0.498
0.26032, 0.499
0.771139, 0.499
0.966508, 0.499
0.967167, 0.499
0.261815, 0.5
0.770811, 0.5
0.966785, 0.5
0.967445, 0.5
0.263311, 0.501
0.770483, 0.501
0.967061, 0.501
0.967722, 0.501
0.264806, 0.502
0.770155, 0.502
0.967337, 0.502
0.968, 0.502
0.266301, 0.503
0.769827, 0.503
0.967613, 0.503
0.968277, 0.503
0.267797, 0.504
0.769499, 0.504
0.967889, 0.504
0.968555, 0.504
0.269292, 0.505
0.769171, 0.505
0.968165, 0.505
0.968832, 0.505
0.270787, 0.506
0.768843, 0.506
0.968442, 0.506
0.96911, 0.506
0.272282, 0.507
0.768515, 0.507
0.968718, 0.507
0.969387, 0.507
0.273778, 0.508
0.768187, 0.508
0.968994, 0.508
0.969665, 0.508
0.275273, 0.509
0.767859, 0.509
0.96927, 0.509
0.969942, 0.509
0.276768, 0.51
0.767531, 0.51
0.969546, 0.51
0.97022, 0.51
0.278264, 0.511
0.767203, 0.511
0.969823, 0.511
0.970497, 0.511
0.279759, 0.512
0.766875, 0.512
0.970099, 0.512
0.970775, 0.512
0.281254, 0.513
0.766547, 0.513
0.970375, 0.513
0.971052, 0.513
0.28275, 0.514
0.766219, 0.514
0.970651, 0.514
0.97133, 0.514
0.284245, 0.515
0.765891, 0.515
0.970927, 0.515
0.971607, 0.515
0.28574, 0.516
0.765563, 0.516
0.971203, 0.516
0.971885, 0.516
0.287236, 0.517
0.765235, 0.517
0.97148, 0.517
0.972162, 0.517
0.288731, 0.518
0.764907, 0.518
0.971756, 0.518
0.97244, 0.518
0.290226, 0.519
0.764579, 0.519
0.972032, 0.519
0.972717, 0.519
0.291722, 0.52
0.764251, 0.52
0.972308, 0.52
0.972995, 0.52
0.293217, 0.521
0.763923, 0.521
0.972584, 0.521
0.973272, 0.521
0.294712, 0.522
0.763595, 0.522
0.972861, 0.522
0.97355, 0.522
0.296208, 0.523
0.763267, 0.523
0.973137, 0.523
0.973827, 0.523
0.297703, 0.524
0.762939, 0.524
0.973413, 0.524
0.974105, 0.524
0.299198, 0.525
0.762611, 0.525
0.973689, 0.525
0.974382, 0.525
0.300693, 0.526
0.762283, 0.526
0.973965, 0.526
0.97466, 0.526
0.302189, 0.527
0.761955, 0.527
0.974241, 0.527
0.974937, 0.527
0.303684, 0.528
0.761627, 0.528
0.974518, 0.528
0.975215, 0.528
0.305179, 0.529
0.761299, 0.529
0.974794, 0.529
0.975492, 0.529
0.306675, 0.53
0.760972, 0.53
0.97507, 0.53
0.97577, 0.53
0.30817, 0.531
0.760644, 0.531
0.975346, 0.531
0.976047, 0.531
0.309665, 0.532
0.760316, 0.532
0.975622, 0.532
0.976325, 0.532
0.311161, 0.533
0.759988, 0.533
0.975899, 0.533
0.976602, 0.533
0.312656, 0.534
0.75966, 0.534
0.976175, 0.534
0.97688, 0.534
0.314151, 0.535
0.759332, 0.535
0.976451, 0.535
0.977157, 0.535
0.315647, 0.536
0.759004, 0.536
0.976727, 0.536
0.977435, 0.536
0.317142, 0.537
0.758676, 0.537
0.977003, 0.537
0.977712, 0.537
0.318637, 0.538
0.758348, 0.538
0.977279, 0.538
0.97799, 0.538
0.320133, 0.539
0.75802, 0.539
0.977556, 0.539
0.978267, 0.539
0.321628, 0.54
0.757692, 0.54
0.977832, 0.54
0.978545, 0.54
0.323123, 0.541
0.757364, 0.541
0.978108, 0.541
0.978822, 0.541
0.324618, 0.542
0.757036, 0.542
0.978384, 0.542
0.9791, 0.542
0.326114, 0.543
0.756708, 0.543
0.97866, 0.543
0.979377, 0.543
0.327609, 0.544
0.75638, 0.544
0.978937, 0.544
0.979655, 0.544
0.329104, 0.545
0.756052, 0.545
0.979213, 0.545
0.979932, 0.545
0.3306, 0.546
0.755724, 0.546
0.979489, 0.546
0.98021, 0.546
0.332095, 0.547
0.755396, 0.547
0.979765, 0.547
0.980487, 0.547
0.33359, 0.548
0.755068, 0.548
0.980041, 0.548
0.980765, 0.548
0.335086, 0.549
0.75474, 0.549
0.980317, 0.549
0.981042, 0.549
0.336581, 0.55
0.754412, 0.55
0.980594, 0.55
0.98132, 0.55
0.338076, 0.551
0.754084, 0.551
0.98087, 0.551
0.981597, 0.551
0.339572, 0.552
0.753756, 0.552
0.981146, 0.552
0.981875, 0.552
0.341067, 0.553
0.753428, 0.553
0.981422, 0.553
0.982152, 0.553
0.342562, 0.554
0.7531, 0.554
0.981698, 0.554
0.98243, 0.554
0.344058, 0.555
0.752772, 0.555
0.981975, 0.555
0.982707, 0.555
0.345553, 0.556
0.752444, 0.556
0.982251, 0.556
0.982985, 0.556
0.347048, 0.557
0.752116, 0.557
0.982527, 0.557
0.983262, 0.557
0.348544, 0.558
0.751788, 0.558
0.982803, 0.558
0.98354, 0.558
0.350039, 0.559
0.75146, 0.559
0.983079, 0.559
0.983817, 0.559
0.351534, 0.56
0.751132, 0.56
0.983355, 0.56
0.984095, 0.56
0.353029, 0.561
0.750804, 0.561
0.983632, 0.561
0.984372, 0.561
0.354525, 0.562
0.750476, 0.562
0.983908, 0.562
0.98465, 0.562
0.35602, 0.563
0.750148, 0.563
0.984184, 0.563
0.984927, 0.563
0.357515, 0.564
0.74982, 0.564
0.98446, 0.564
0.985205, 0.564
0.359011, 0.565
0.749492, 0.565
0.984736, 0.565
0.985482, 0.565
0.360506, 0.566
0.749164, 0.566
0.985013, 0.566
0.98576, 0.566
0.362001, 0.567
0.748836, 0.567
0.985289, 0.567
0.986037, 0.567
0.363497, 0.568
0.748508, 0.568
0.985565, 0.568
0.986315, 0.568
0.364992, 0.569
0.74818, 0.569
0.985841, 0.569
0.986592, 0.569
0.366487, 0.57
0.747852, 0.57
0.986117, 0.57
0.98687, 0.57
0.367983, 0.571
0.747524, 0.571
0.986393, 0.571
0.987147, 0.571
0.369478, 0.572
0.747196, 0.572
0.98667, 0.572
0.987425, 0.572
0.370973, 0.573
0.746868, 0.573
0.986946, 0.573
0.987702, 0.573
0.372469, 0.574
0.74654, 0.574
0.987222, 0.574
0.98798, 0.574
0.373964, 0.575
0.746212, 0.575
0.987498, 0.575
0.988257, 0.575
0.375459, 0.576
0.745884, 0.576
0.987774, 0.576
0.988535, 0.576
0.376954, 0.577
0.745556, 0.577
0.988051, 0.577
0.988812, 0.577
0.37845, 0.578
0.745228, 0.578
0.988327, 0.578
0.98909, 0.578
0.543217, 0.579
0.542193, 0.579
0.379945, 0.579
0.7449, 0.579
0.988603, 0.579
0.989367, 0.579
0.543448, 0.58
0.540376, 0.58
0.38144, 0.58
0.744572, 0.58
0.988879, 0.58
0.989645, 0.58
0.54368, 0.581
0.538558, 0.581
0.382936, 0.581
0.744244, 0.581
0.989155, 0.581
0.989922, 0.581
0.543912, 0.582
0.53674, 0.582
0.384431, 0.582
0.743916, 0.582
0.989431, 0.582
0.9902, 0.582
0.544143, 0.583
0.534923, 0.583
0.385926, 0.583
0.743588, 0.583
0.989708, 0.583
0.990477, 0.583
0.544375, 0.584
0.533105, 0.584
0.387422, 0.584
0.74326, 0.584
0.989984, 0.584
0.990755, 0.584
0.544606, 0.585
0.531287, 0.585
0.388917, 0.585
0.742932, 0.585
0.99026, 0.585
0.991032, 0.585
0.544838, 0.586
0.529469, 0.586
0.390412, 0.586
0.742604, 0.586
0.990536, 0.586
0.99131, 0.586
0.545069, 0.587
0.527652, 0.587
0.391908, 0.587
0.742276, 0.587
0.990812, 0.587
0.991587, 0.587
0.545301, 0.588
0.525834, 0.588
0.393403, 0.588
0.741948, 0.588
0.991089, 0.588
0.991865, 0.588
0.545533, 0.589
0.524016, 0.589
0.394898, 0.589
0.74162, 0.589
0.991365, 0.589
0.992142, 0.589
0.545764, 0.59
0.522199, 0.59
0.396394, 0.59
0.741292, 0.59
0.991641, 0.59
0.99242, 0.59
0.545996, 0.591
0.520381, 0.591
0.397889, 0.591
0.740964, 0.591
0.991917, 0.591
0.992697, 0.591
0.546227, 0.592
0.518563, 0.592
0.399384, 0.592
0.740636, 0.592
0.992193, 0.592
0.992975, 0.592
0.546459, 0.593
0.516746, 0.593
0.400879, 0.593
0.740308, 0.593
0.992469, 0.593
0.993252, 0.593
0.54669, 0.594
0.514928, 0.594
0.402375, 0.594
0.73998, 0.594
0.992746, 0.594
0.99353, 0.594
0.546922, 0.595
0.51311, 0.595
0.40387, 0.595
0.739652, 0.595
0.993022, 0.595
0.993807, 0.595
0.547154, 0.596
0.511293, 0.596
0.405365, 0.596
0.739324, 0.596
0.993298, 0.596
0.994085, 0.596
0.547385, 0.597
0.509475, 0.597
0.406861, 0.597
0.738996, 0.597
0.993574, 0.597
0.994363, 0.597
0.547617, 0.598
0.507657, 0.598
0.408356, 0.598
0.738668, 0.598
0.99385, 0.598
0.99464, 0.598
0.547848, 0.599
0.50584, 0.599
0.409851, 0.599
0.73834, 0.599
0.994127, 0.599
0.994918, 0.599
0.54808, 0.6
0.504022, 0.6
0.411347, 0.6
0.738013, 0.6
0.994403, 0.6
0.995195, 0.6
0.548311, 0.601
0.502204, 0.601
0.412842, 0.601
0.737685, 0.601
0.994679, 0.601
0.995473, 0.601
0.548543, 0.602
0.500387, 0.602
0.414337, 0.602
0.737357, 0.602
0.994955, 0.602
0.99575, 0.602
0.548774, 0.603
0.498569, 0.603
0.415833, 0.603
0.737029, 0.603
0.991696, 0.603
0.996028, 0.603
0.549006, 0.604
0.496751, 0.604
0.417328, 0.604
0.736701, 0.604
0.987644, 0.604
0.996305, 0.604
0.549238, 0.605
0.494934, 0.605
0.418823, 0.605
0.736373, 0.605
0.983591, 0.605
0.996583, 0.605
0.549469, 0.606
0.493116, 0.606
0.420319, 0.606
0.736045, 0.606
0.979538, 0.606
0.99686, 0.606
0.549701, 0.607
0.491298, 0.607
0.421814, 0.607
0.735717, 0.607
0.975486, 0.607
0.997138, 0.607
0.549932, 0.608
0.489481, 0.608
0.423309, 0.608
0.735389, 0.608
0.971433, 0.608
0.997415, 0.608
0.550164, 0.609
0.487663, 0.609
0.424805, 0.609
0.735061, 0.609
0.96738, 0.609
0.997693, 0.609
0.550395, 0.61
0.485845, 0.61
0.4263, 0.61
0.734733, 0.61
0.963328, 0.61
0.99797, 0.61
0.550627, 0.611
0.484028, 0.611
0.427795, 0.611
0.734405, 0.611
0.959275, 0.611
0.998248, 0.611
0.550859, 0.612
0.48221, 0.612
0.42929, 0.612
0.734077, 0.612
0.955222, 0.612
0.998525, 0.612
0.55109, 0.613
0.480392, 0.613
0.430786, 0.613
0.733749, 0.613
0.95117, 0.613
0.998803, 0.613
0.551322, 0.614
0.478575, 0.614
0.432281, 0.614
0.733421, 0.614
0.947117, 0.614
0.99908, 0.614
0.551553, 0.615
0.476757, 0.615
0.433776, 0.615
0.733093, 0.615
0.943064, 0.615
0.999358, 0.615
0.551785, 0.616
0.474939, 0.616
0.435272, 0.616
0.732765, 0.616
0.939012, 0.616
0.999635, 0.616
0.552016, 0.617
0.473121, 0.617
0.436767, 0.617
0.732437, 0.617
0.934959, 0.617
0.999913, 0.617
0.552248, 0.618
0.471304, 0.618
0.438262, 0.618
0.732109, 0.618
0.930906, 0.618
0.999901, 0.618
0.55248, 0.619
0.469486, 0.619
0.439758, 0.619
0.731781, 0.619
0.926854, 0.619
0.999758, 0.619
0.552711, 0.62
0.467668, 0.62
0.441253, 0.62
0.731453, 0.62
0.922801, 0.62
0.999614, 0.62
0.552943, 0.621
0.465851, 0.621
0.442748, 0.621
0.731125, 0.621
0.918748, 0.621
0.99947, 0.621
0.553174, 0.622
0.464033, 0.622
0.444244, 0.622
0.730797, 0.622
0.914696, 0.622
0.999326, 0.622
0.553406, 0.623
0.462215, 0.623
0.445739, 0.623
0.730469, 0.623
0.910643, 0.623
0.999182, 0.623
0.553637, 0.624
0.460398, 0.624
0.447234, 0.624
0.730141, 0.624
0.90659, 0.624
0.999038, 0.624
0.553869, 0.625
0.45858, 0.625
0.44873, 0.625
0.729813, 0.625
0.902538, 0.625
0.998894, 0.625
0.554101, 0.626
0.456762, 0.626
0.450225, 0.626
0.729485, 0.626
0.898485, 0.626
0.99875, 0.626
0.554332, 0.627
0.454945, 0.627
0.45172, 0.627
0.729157, 0.627
0.894432, 0.627
0.998607, 0.627
0.554564, 0.628
0.728829, 0.628
0.890379, 0.628
0.998463, 0.628
0.554795, 0.629
0.728501, 0.629
0.886327, 0.629
0.998319, 0.629
0.555027, 0.63
0.728173, 0.63
0.882274, 0.63
0.998175, 0.63
0.555258, 0.631
0.727845, 0.631
0.878221, 0.631
0.998031, 0.631
0.55549, 0.632
0.727517, 0.632
0.874169, 0.632
0.997887, 0.632
0.555721, 0.633
0.727189, 0.633
0.870116, 0.633
0.997743, 0.633
0.555953, 0.634
0.726861, 0.634
0.866063, 0.634
0.997599, 0.634
0.556185, 0.635
0.726533, 0.635
0.862011, 0.635
0.997456, 0.635
0.556416, 0.636
0.726205, 0.636
0.857958, 0.636
0.997312, 0.636
0.556648, 0.637
0.725877, 0.637
0.853905, 0.637
0.997168, 0.637
0.556879, 0.638
0.725549, 0.638
0.849853, 0.638
0.997024, 0.638
0.557111, 0.639
0.725221, 0.639
0.8458, 0.639
0.99688, 0.639
0.557342, 0.64
0.724893, 0.64
0.841747, 0.64
0.996736, 0.64
0.557574, 0.641
0.724565, 0.641
0.837695, 0.641
0.996592, 0.641
0.557806, 0.642
0.724237, 0.642
0.833642, 0.642
0.996448, 0.642
0.558037, 0.643
0.723909, 0.643
0.829589, 0.643
0.996305, 0.643
0.558269, 0.644
0.723581, 0.644
0.825537, 0.644
0.996161, 0.644
0.5585, 0.645
0.723253, 0.645
0.821484, 0.645
0.996017, 0.645
0.558732, 0.646
0.722925, 0.646
0.817431, 0.646
0.995873, 0.646
0.558963, 0.647
0.722597, 0.647
0.813379, 0.647
0.995729, 0.647
0.559195, 0.648
0.722269, 0.648
0.809326, 0.648
0.995585, 0.648
0.559427, 0.649
0.721941, 0.649
0.805273, 0.649
0.995441, 0.649
0.559658, 0.65
0.721613, 0.65
0.801221, 0.65
0.995297, 0.65
0.55989, 0.651
0.721285, 0.651
0.797168, 0.651
0.995154, 0.651
0.560121, 0.652
0.720957, 0.652
0.793115, 0.652
0.99501, 0.652
0.560353, 0.653
0.720629, 0.653
0.789063, 0.653
0.994866, 0.653
0.560584, 0.654
0.720301, 0.654
0.78501, 0.654
0.994722, 0.654
0.560816, 0.655
0.719973, 0.655
0.780957, 0.655
0.994578, 0.655
0.561048, 0.656
0.719645, 0.656
0.776905, 0.656
0.994434, 0.656
0.561279, 0.657
0.719317, 0.657
0.772852, 0.657
0.99429, 0.657
0.561511, 0.658
0.718989, 0.658
0.768799, 0.658
0.994147, 0.658
0.561742, 0.659
0.718661, 0.659
0.764747, 0.659
0.994003, 0.659
0.561974, 0.66
0.718333, 0.66
0.760694, 0.66
0.993859, 0.66
0.562205, 0.661
0.718005, 0.661
0.756641, 0.661
0.993715, 0.661
0.562437, 0.662
0.717677, 0.662
0.752589, 0.662
0.993571, 0.662
0.562668, 0.663
0.717349, 0.663
0.748536, 0.663
0.993427, 0.663
0.5629, 0.664
0.717021, 0.664
0.744483, 0.664
0.993283, 0.664
0.563132, 0.665
0.716693, 0.665
0.740431, 0.665
0.993139, 0.665
0.563363, 0.666
0.716365, 0.666
0.736378, 0.666
0.992996, 0.666
0.563595, 0.667
0.716037, 0.667
0.732325, 0.667
0.992852, 0.667
0.563826, 0.668
0.715709, 0.668
0.728272, 0.668
0.992708, 0.668
0.564058, 0.669
0.715381, 0.669
0.72422, 0.669
0.992564, 0.669
0.564289, 0.67
0.715054, 0.67
0.720167, 0.67
0.99242, 0.67
0.564521, 0.671
0.714726, 0.671
0.716114, 0.671
0.992276, 0.671
0.564753, 0.672
0.992132, 0.672
0.564984, 0.673
0.991988, 0.673
0.565216, 0.674
0.991845, 0.674
0.565447, 0.675
0.991701, 0.675
0.565679, 0.676
0.991557, 0.676
0.56591, 0.677
0.991413, 0.677
0.566142, 0.678
0.991269, 0.678
0.566374, 0.679
0.991125, 0.679
0.566605, 0.68
0.990981, 0.68
0.566837, 0.681
0.990837, 0.681
0.567068, 0.682
0.990694, 0.682
0.5673, 0.683
0.99055, 0.683
0.567531, 0.684
0.990406, 0.684
0.567763, 0.685
0.990262, 0.685
0.567994, 0.686
0.990118, 0.686
0.568226, 0.687
0.989974, 0.687
0.568458, 0.688
0.98983, 0.688
0.568689, 0.689
0.989686, 0.689
0.568921, 0.69
0.989543, 0.69
0.569152, 0.691
0.989399, 0.691
0.569384, 0.692
0.989255, 0.692
0.569615, 0.693
0.989111, 0.693
0.569847, 0.694
0.988967, 0.694
0.570079, 0.695
0.988823, 0.695
0.57031, 0.696
0.988679, 0.696
0.570542, 0.697
0.988535, 0.697
0.570773, 0.698
0.988392, 0.698
0.571005, 0.699
0.988248, 0.699
0.571236, 0.7
0.988104, 0.7
0.571468, 0.701
0.98796, 0.701
0.5717, 0.702
0.987816, 0.702
0.571931, 0.703
0.987672, 0.703
0.572163, 0.704
0.987528, 0.704
0.572394, 0.705
0.987384, 0.705
0.324722, 0.706
0.325741, 0.706
0.572626, 0.706
0.987241, 0.706
0.324653, 0.707
0.327522, 0.707
0.572857, 0.707
0.987097, 0.707
0.324584, 0.708
0.329302, 0.708
0.573089, 0.708
0.986953, 0.708
0.324515, 0.709
0.331083, 0.709
0.573321, 0.709
0.986809, 0.709
0.324446, 0.71
0.332864, 0.71
0.573552, 0.71
0.986665, 0.71
0.324377, 0.711
0.334645, 0.711
0.573784, 0.711
0.986521, 0.711
0.324308, 0.712
0.336426, 0.712
0.573796, 0.712
0.986377, 0.712
0.324239, 0.713
0.338207, 0.713
0.573283, 0.713
0.986233, 0.713
0.32417, 0.714
0.339987, 0.714
0.57277, 0.714
0.98609, 0.714
0.324102, 0.715
0.341768, 0.715
0.572257, 0.715
0.985946, 0.715
0.324033, 0.716
0.343549, 0.716
0.571743, 0.716
0.985802, 0.716
0.323964, 0.717
0.34533, 0.717
0.57123, 0.717
0.985658, 0.717
0.323895, 0.718
0.347111, 0.718
0.570717, 0.718
0.985514, 0.718
0.323826, 0.719
0.348892, 0.719
0.570203, 0.719
0.98537, 0.719
0.323757, 0.72
0.350672, 0.72
0.56969, 0.72
0.985226, 0.72
0.323688, 0.721
0.352453, 0.721
0.569177, 0.721
0.985082, 0.721
0.323619, 0.722
0.354234, 0.722
0.568663, 0.722
0.984939, 0.722
0.32355, 0.723
0.356015, 0.723
0.56815, 0.723
0.984795, 0.723
0.323481, 0.724
0.357796, 0.724
0.567637, 0.724
0.984651, 0.724
0.323413, 0.725
0.359577, 0.725
0.567123, 0.725
0.984507, 0.725
0.323344, 0.726
0.361357, 0.726
0.56661, 0.726
0.984363, 0.726
0.323275, 0.727
0.363138, 0.727
0.566097, 0.727
0.984219, 0.727
0.323206, 0.728
0.364919, 0.728
0.565583, 0.728
0.984075, 0.728
0.323137, 0.729
0.3667, 0.729
0.56507, 0.729
0.983931, 0.729
0.323068, 0.73
0.368481, 0.73
0.564557, 0.73
0.983788, 0.73
0.322999, 0.731
0.370262, 0.731
0.564043, 0.731
0.983644, 0.731
0.32293, 0.732
0.372042, 0.732
0.56353, 0.732
0.9835, 0.732
0.322861, 0.733
0.373823, 0.733
0.563017, 0.733
0.983356, 0.733
0.322793, 0.734
0.375604, 0.734
0.562503, 0.734
0.983212, 0.734
0.322724, 0.735
0.377385, 0.735
0.56199, 0.735
0.983068, 0.735
0.322655, 0.736
0.379166, 0.736
0.561477, 0.736
0.982924, 0.736
0.322586, 0.737
0.380947, 0.737
0.560964, 0.737
0.98278, 0.737
0.322517, 0.738
0.382727, 0.738
0.56045, 0.738
0.982637, 0.738
0.322448, 0.739
0.384508, 0.739
0.559937, 0.739
0.982493, 0.739
0.322379, 0.74
0.386289, 0.74
0.559424, 0.74
0.982349, 0.74
0.32231, 0.741
0.38807, 0.741
0.55891, 0.741
0.982205, 0.741
0.322241, 0.742
0.389851, 0.742
0.558397, 0.742
0.982061, 0.742
0.322172, 0.743
0.391632, 0.743
0.557884, 0.743
0.981917, 0.743
0.322104, 0.744
0.393412, 0.744
0.55737, 0.744
0.981773, 0.744
0.322035, 0.745
0.395193, 0.745
0.556857, 0.745
0.981629, 0.745
0.321966, 0.746
0.396974, 0.746
0.556344, 0.746
0.981486, 0.746
0.321897, 0.747
0.398755, 0.747
0.55583, 0.747
0.981342, 0.747
0.321828, 0.748
0.400536, 0.748
0.555317, 0.748
0.981198, 0.748
0.321759, 0.749
0.402317, 0.749
0.554804, 0.749
0.981054, 0.749
0.32169, 0.75
0.404097, 0.75
0.55429, 0.75
0.98091, 0.75
0.321621, 0.751
0.405878, 0.751
0.553777, 0.751
0.980766, 0.751
0.321552, 0.752
0.407659, 0.752
0.553264, 0.752
0.980622, 0.752
0.321483, 0.753
0.40944, 0.753
0.55275, 0.753
0.980478, 0.753
0.321415, 0.754
0.411221, 0.754
0.552237, 0.754
0.980335, 0.754
0.321346, 0.755
0.413002, 0.755
0.551724, 0.755
0.980191, 0.755
0.321277, 0.756
0.414782, 0.756
0.55121, 0.756
0.980047, 0.756
0.321208, 0.757
0.416563, 0.757
0.550697, 0.757
0.979903, 0.757
0.321139, 0.758
0.418344, 0.758
0.550184, 0.758
0.979759, 0.758
0.32107, 0.759
0.420125, 0.759
0.549671, 0.759
0.979615, 0.759
0.321001, 0.76
0.421906, 0.76
0.549157, 0.76
0.979471, 0.76
0.320932, 0.761
0.423687, 0.761
0.548644, 0.761
0.979327, 0.761
0.320863, 0.762
0.425467, 0.762
0.548131, 0.762
0.979184, 0.762
0.320795, 0.763
0.427248, 0.763
0.547617, 0.763
0.97904, 0.763
0.320726, 0.764
0.429029, 0.764
0.547104, 0.764
0.978896, 0.764
0.320657, 0.765
0.43081, 0.765
0.546591, 0.765
0.978752, 0.765
0.320588, 0.766
0.432591, 0.766
0.546077, 0.766
0.978608, 0.766
0.320519, 0.767
0.434372, 0.767
0.545564, 0.767
0.978464, 0.767
0.32045, 0.768
0.436152, 0.768
0.545051, 0.768
0.97832, 0.768
0.320381, 0.769
0.437933, 0.769
0.544537, 0.769
0.978177, 0.769
0.320312, 0.77
0.439714, 0.77
0.544024, 0.77
0.978033, 0.77
0.320243, 0.771
0.441495, 0.771
0.543511, 0.771
0.977889, 0.771
0.320174, 0.772
0.443276, 0.772
0.542997, 0.772
0.977745, 0.772
0.320106, 0.773
0.445057, 0.773
0.542484, 0.773
0.977601, 0.773
0.320037, 0.774
0.446837, 0.774
0.541971, 0.774
0.977457, 0.774
0.319968, 0.775
0.448618, 0.775
0.541457, 0.775
0.977313, 0.775
0.319899, 0.776
0.450399, 0.776
0.540944, 0.776
0.977169, 0.776
0.31983, 0.777
0.45218, 0.777
0.540431, 0.777
0.977026, 0.777
0.319761, 0.778
0.453961, 0.778
0.539917, 0.778
0.976882, 0.778
0.319692, 0.779
0.455742, 0.779
0.539404, 0.779
0.976738, 0.779
0.319623, 0.78
0.457522, 0.78
0.538891, 0.78
0.976594, 0.78
0.319554, 0.781
0.459303, 0.781
0.538377, 0.781
0.97645, 0.781
0.319485, 0.782
0.461084, 0.782
0.537864, 0.782
0.976306, 0.782
0.319417, 0.783
0.462865, 0.783
0.537351, 0.783
0.976162, 0.783
0.319348, 0.784
0.464646, 0.784
0.536838, 0.784
0.976018, 0.784
0.319279, 0.785
0.466427, 0.785
0.536324, 0.785
0.975875, 0.785
0.31921, 0.786
0.468207, 0.786
0.535811, 0.786
0.975731, 0.786
0.319141, 0.787
0.469988, 0.787
0.535298, 0.787
0.975587, 0.787
0.319072, 0.788
0.471769, 0.788
0.534784, 0.788
0.975443, 0.788
0.319003, 0.789
0.47355, 0.789
0.534271, 0.789
0.975299, 0.789
0.318934, 0.79
0.475331, 0.79
0.533758, 0.79
0.975155, 0.79
0.318865, 0.791
0.477112, 0.791
0.533244, 0.791
0.975011, 0.791
0.318796, 0.792
0.478892, 0.792
0.532731, 0.792
0.974867, 0.792
0.318728, 0.793
0.480673, 0.793
0.532218, 0.793
0.974724, 0.793
0.318659, 0.794
0.482454, 0.794
0.531704, 0.794
0.97458, 0.794
0.31859, 0.795
0.484235, 0.795
0.531191, 0.795
0.974436, 0.795
0.318521, 0.796
0.486016, 0.796
0.530678, 0.796
0.974292, 0.796
0.318452, 0.797
0.487797, 0.797
0.530164, 0.797
0.974148, 0.797
0.318383, 0.798
0.489577, 0.798
0.529651, 0.798
0.974004, 0.798
0.318314, 0.799
0.491358, 0.799
0.529138, 0.799
0.97386, 0.799
0.318245, 0.8
0.493139, 0.8
0.528624, 0.8
0.973716, 0.8
0.318176, 0.801
0.49492, 0.801
0.528111, 0.801
0.973573, 0.801
0.318108, 0.802
0.496701, 0.802
0.527598, 0.802
0.973429, 0.802
0.318039, 0.803
0.498482, 0.803
0.527084, 0.803
0.973285, 0.803
0.31797, 0.804
0.500262, 0.804
0.526571, 0.804
0.973141, 0.804
0.317901, 0.805
0.502043, 0.805
0.526058, 0.805
0.972997, 0.805
0.317832, 0.806
0.503824, 0.806
0.525545, 0.806
0.972853, 0.806
0.317763, 0.807
0.505605, 0.807
0.525031, 0.807
0.972709, 0.807
0.317694, 0.808
0.507386, 0.808
0.524518, 0.808
0.972565, 0.808
0.317625, 0.809
0.509167, 0.809
0.524005, 0.809
0.972422, 0.809
0.317556, 0.81
0.510947, 0.81
0.523491, 0.81
0.972278, 0.81
0.317487, 0.811
0.512728, 0.811
0.522978, 0.811
0.972134, 0.811
0.317419, 0.812
0.514509, 0.812
0.522465, 0.812
0.97199, 0.812
0.31735, 0.813
0.51629, 0.813
0.521951, 0.813
0.971846, 0.813
0.317281, 0.814
0.518071, 0.814
0.521438, 0.814
0.971702, 0.814
0.317212, 0.815
0.519852, 0.815
0.520925, 0.815
0.971558, 0.815
0.317143, 0.816
0.971414, 0.816
0.317074, 0.817
0.971271, 0.817
0.317005, 0.818
0.971127, 0.818
0.316936, 0.819
0.970983, 0.819
0.316867, 0.82
0.970839, 0.82
0.316798, 0.821
0.970695, 0.821
0.31673, 0.822
0.970551, 0.822
0.316661, 0.823
0.970407, 0.823
0.316592, 0.824
0.970263, 0.824
0.316523, 0.825
0.97012, 0.825
0.316454, 0.826
0.969976, 0.826
0.316385, 0.827
0.969832, 0.827
0.316316, 0.828
0.969688, 0.828
0.316247, 0.829
0.969544, 0.829
0.316178, 0.83
0.9694, 0.83
0.31611, 0.831
0.969256, 0.831
0.316041, 0.832
0.969112, 0.832
0.315972, 0.833
0.968969, 0.833
0.315903, 0.834
0.968825, 0.834
0.315834, 0.835
0.968681, 0.835
0.315765, 0.836
0.968537, 0.836
0.315696, 0.837
0.968393, 0.837
0.315627, 0.838
0.968249, 0.838
0.315558, 0.839
0.968105, 0.839
0.315489, 0.84
0.967961, 0.84
0.315421, 0.841
0.967818, 0.841
0.315352, 0.842
0.967674, 0.842
0.315283, 0.843
0.96753, 0.843
0.315214, 0.844
0.967386, 0.844
0.315145, 0.845
0.967242, 0.845
0.315076, 0.846
0.967098, 0.846
0.315007, 0.847
0.966954, 0.847
0.314938, 0.848
0.96681, 0.848
0.314869, 0.849
0.966667, 0.849
0.3148, 0.85
0.966523, 0.85
0.314732, 0.851
0.966379, 0.851
0.314663, 0.852
0.966235, 0.852
0.314594, 0.853
0.966091, 0.853
0.314525, 0.854
0.965947, 0.854
0.314456, 0.855
0.965803, 0.855
0.314387, 0.856
0.965659, 0.856
0.314318, 0.857
0.965516, 0.857
0.314249, 0.858
0.965372, 0.858
0.31418, 0.859
0.965228, 0.859
0.314111, 0.86
0.965084, 0.86
0.314043, 0.861
0.96494, 0.861
0.313974, 0.862
0.964796, 0.862
0.313905, 0.863
0.964652, 0.863
0.313836, 0.864
0.964508, 0.864
0.313767, 0.865
0.964365, 0.865
0.313698, 0.866
0.964221, 0.866
0.313629, 0.867
0.964077, 0.867
0.31356, 0.868
0.963933, 0.868
0.313491, 0.869
0.963789, 0.869
0.313423, 0.87
0.963645, 0.87
0.313354, 0.871
0.963501, 0.871
0.313285, 0.872
0.963358, 0.872
0.313216, 0.873
0.963214, 0.873
0.313147, 0.874
0.96307, 0.874
0.313078, 0.875
0.962926, 0.875
0.313009, 0.876
0.962782, 0.876
0.31294, 0.877
0.962638, 0.877
0.312871, 0.878
0.962494, 0.878
0.312802, 0.879
0.96235, 0.879
0.312734, 0.88
0.962207, 0.88
0.312665, 0.881
0.962063, 0.881
0.312596, 0.882
0.961919, 0.882
0.312527, 0.883
0.961775, 0.883
0.312458, 0.884
0.961631, 0.884
0.312389, 0.885
0.961487, 0.885
0.31232, 0.886
0.961343, 0.886
0.312251, 0.887
0.961199, 0.887
0.312182, 0.888
0.961056, 0.888
0.312113, 0.889
0.960912, 0.889
0.312045, 0.89
0.960768, 0.89
0.311976, 0.891
0.960624, 0.891
0.311907, 0.892
0.96048, 0.892
0.960336, 0.893
0.31161, 0.893
0.960192, 0.894
0.308379, 0.894
0.960048, 0.895
0.305147, 0.895
0.959905, 0.896
0.301916, 0.896
0.959761, 0.897
0.298684, 0.897
0.959617, 0.898
0.295453, 0.898
0.959473, 0.899
0.292221, 0.899
0.959329, 0.9
0.28899, 0.9
0.959185, 0.901
0.285758, 0.901
0.959041, 0.902
0.282527, 0.902
0.958897, 0.903
0.279295, 0.903
0.958754, 0.904
0.276064, 0.904
0.95861, 0.905
0.272832, 0.905
0.958466, 0.906
0.269601, 0.906
0.958322, 0.907
0.266369, 0.907
0.958178, 0.908
0.263138, 0.908
0.958034, 0.909
0.259906, 0.909
0.95789, 0.91
0.256675, 0.91
0.957746, 0.911
0.253443, 0.911
0.957603, 0.912
0.250212, 0.912
0.957459, 0.913
0.24698, 0.913
0.957315, 0.914
0.243748, 0.914
0.957171, 0.915
0.240517, 0.915
0.957027, 0.916
0.237285, 0.916
0.956883, 0.917
0.234054, 0.917
0.956739, 0.918
0.230822, 0.918
0.956595, 0.919
0.227591, 0.919
0.956452, 0.92
0.224359, 0.92
0.956308, 0.921
0.221128, 0.921
0.956164, 0.922
0.217896, 0.922
0.95602, 0.923
0.214665, 0.923
0.955876, 0.924
0.211433, 0.924
0.955732, 0.925
0.208202, 0.925
0.955588, 0.926
0.20497, 0.926
0.955444, 0.927
0.201739, 0.927
0.955301, 0.928
0.198507, 0.928
0.955157, 0.929
0.195276, 0.929
0.955013, 0.93
0.192044, 0.93
0.954869, 0.931
0.188813, 0.931
0.954725, 0.932
0.185581, 0.932
0.954581, 0.933
0.18235, 0.933
0.954437, 0.934
0.179118, 0.934
0.954293, 0.935
0.175886, 0.935
0.95415, 0.936
0.172655, 0.936
0.954006, 0.937
0.169423, 0.937
0.953862, 0.938
0.166192, 0.938
0.953718, 0.939
0.16296, 0.939
0.953574, 0.94
0.159729, 0.94
0.95343, 0.941
0.156497, 0.941
0.953286, 0.942
0.153266, 0.942
0.953142, 0.943
0.150034, 0.943
0.952999, 0.944
0.146803, 0.944
0.952855, 0.945
0.143571, 0.945
0.952711, 0.946
0.14034, 0.946
0.952567, 0.947
0.137108, 0.947
0.952423, 0.948
0.133877, 0.948
0.952279, 0.949
0.130645, 0.949
0.952135, 0.95
0.129943, 0.95
0.951991, 0.951
0.146243, 0.951
0.951848, 0.952
0.162543, 0.952
0.951704, 0.953
0.178843, 0.953
0.95156, 0.954
0.195143, 0.954
0.951416, 0.955
0.211443, 0.955
0.951272, 0.956
0.227743, 0.956
0.951128, 0.957
0.244043, 0.957
0.950984, 0.958
0.260343, 0.958
0.95084, 0.959
0.276643, 0.959
0.950697, 0.96
0.292943, 0.96
0.950553, 0.961
0.309243, 0.961
0.950409, 0.962
0.325543, 0.962
0.950265, 0.963
0.341843, 0.963
0.950121, 0.964
0.358143, 0.964
0.949977, 0.965
0.374443, 0.965
0.949833, 0.966
0.390743, 0.966
0.949689, 0.967
0.407043, 0.967
0.949546, 0.968
0.423343, 0.968
0.949402, 0.969
0.439643, 0.969
0.949258, 0.97
0.455943, 0.97
0.949114, 0.971
0.472243, 0.971
0.94897, 0.972
0.488543, 0.972
0.948826, 0.973
0.504843, 0.973
0.948682, 0.974
0.521143, 0.974
0.948538, 0.975
0.537443, 0.975
0.948395, 0.976
0.553743, 0.976
0.948251, 0.977
0.570042, 0.977
0.948107, 0.978
0.586342, 0.978
0.947963, 0.979
0.602642, 0.979
0.947819, 0.98
0.618942, 0.98
0.947675, 0.981
0.635242, 0.981
0.947531, 0.982
0.651542, 0.982
0.947388, 0.983
0.667842, 0.983
0.947244, 0.984
0.684142, 0.984
0.9471, 0.985
0.700442, 0.985
0.946956, 0.986
0.716742, 0.986
0.946812, 0.987
0.733042, 0.987
0.946668, 0.988
0.749342, 0.988
0.946524, 0.989
0.765642, 0.989
0.94638, 0.99
0.781942, 0.99
0.946237, 0.991
0.798242, 0.991
0.946093, 0.992
0.814542, 0.992
0.945949, 0.993
0.830842, 0.993
0.945805, 0.994
0.847142, 0.994
0.945661, 0.995
0.863442, 0.995
0.945517, 0.996
0.879742, 0.996
0.945373, 0.997
0.896042, 0.997
0.945229, 0.998
0.912342, 0.998
0.945086, 0.999
0.928642, 0.999
